5 0.009
6 0.009
7 0.004
8 0.004
9 0.033
10 0.009
11 0.072
12 0.007
13 0.088
14 0.127
15 0.041
16 0.027
17 0.243
18 0.223
19 0.125
20 0.165
21 0.126
22 0.242
23 0.122
24 0.753
25 0.403
26 1.09
27 0.349
28 8.646
29 0.299
30 1.647
31 0.345
32 3.724
33 1.425
34 3.484
35 5.906
36 2.242
37 3.419
38 3.305
39 25.189
40 0.792
41 4.811
42 2.082
43 3.894
44 23.63
45 28.161
46 22.973
47 35.904
48 11.246
49 15.411
50 7.129
51 21.148
52 9.35
53 21.912
54 38.8
55 9.895
56 46.48
57 21.432
58 94.363
59 35.747
60 18.432
61 78.492
62 28.094
63 23.633
64 83.266
65 11.929
66 61.367
67 39.586
68 71.877
69 357.168